p <- 1:4
p

3 %in% p

q <- c(1,2 ,3,4)
q

5 %in% q

